-3.497566195605124606e-01 5.123277582976494271e-01 5.792291116171919274e-01 3.416283725612979882e+00
1.602912759285755884e-01 6.051332936120581985e-02 9.502820662851009514e-02 8.657171006099866062e-02
-2.510413111117545393e-01 2.082747054060082037e-01 3.214705448029112067e-01 1.022070400502715470e+00
3.998900395658651630e-01 9.778984443358403666e+00 2.977973248605154666e+00 9.638603690755130060e+01
1.135160518790448714e-01 4.695533924624358674e-02 2.840224069052204800e-02 8.493068908820426699e-02
-1.006317694158413156e-01 4.451461870081807604e-02 8.933323913614153733e-02 1.034370506932593692e-01
-1.896670856606424982e-01 1.486488892910860227e-01 2.723972806793461543e-01 9.007769381761381311e-01
4.837734042277449381e-02 3.140578736700905954e-02 5.217130312577982626e-02 7.110568945993073209e-02
-3.422046799938383010e-02 3.168865997298635218e-02 5.513168268537840810e-02 9.540732510366541075e-02
-3.346593073620845460e-01 4.163892118408047960e-01 4.949461799996892619e-01 2.650962369528512497e+00
-4.151796799186122794e-02 3.510601592238927343e-02 7.112191280860316600e-02 1.102609195600911252e-01
1.587595955961636496e-01 5.686532980803658127e-02 7.229818642903108883e-02 7.022718577685430064e-02
-6.200924306735843688e-02 3.639979799909892622e-02 8.140705844716107642e-02 1.050090540485097840e-01
-2.272125295221085264e-04 2.911443190563860889e-02 7.250039838216656984e-02 8.726259998525762174e-02
2.220239164938119791e-01 1.393923935636843803e-01 2.546148559880048179e-01 5.676306539022625275e-01
8.851665341642299401e-02 5.869313496614342318e-02 1.506463981962138932e-01 2.461892001124007523e-01
-1.754180470275700301e-02 7.147538457335236850e-02 1.933930431981590869e-01 4.745197802377793539e-01
-1.999758125974895190e-02 3.477423208107915942e-02 8.087681472111168945e-02 9.771881474122792732e-02
1.350052859220254309e-01 9.990519665867973742e-02 2.210568568339523476e-01 5.364434571440228616e-01
-7.094892020383747333e-02 1.949369253627425969e-01 2.970559305061767907e-01 1.644582976392801044e+00
